9
2
31
34
15
36
13
8
36
35
21
18
25
1
11
34
24
22
22
8
10
34
15
9
13
22
21
18
8
5
10
31
21
18
29
36
18
5
21
31
18
19
12
20
20
1
17
22
23
16
30
10
27
8
33
3
7
17
36
15
22
23
24
6
5
16
19
23
35
17
31
16
36
6
0
34
7
31
33
7
11
26
17
15
11
13
33
32
30
32
24
29
18
11
35
23
27
31
23
3
11
17
19
25
1
33
22
22
5
18
30
30
21
24
8
9
1
4
4
8
13
5
15
9
17
27
32
21
22
33
24
10
27
7
35
28
17
34
28
22
15
35
15
13
22
1
36
0
5
17
23
19
23
1
28
3
28
0
24
13
10
12
24
1
33
36
6
27
34
11
27
26
9
19
3
32
20
16
9
3
34
32
22
20
33
27
0
2
4
24
15
15
13
16
30
23
16
13
14
27
25
4
16
34
0
33
6
21
13
16
24
10
25
23
7
36
27
7
1
8
8
30
23
22
10
30
22
3
21
36
7
9
17
23
20
18
20
4
16
10
20
3
20
22
3
27
21
30
11
22
1
19
16
2
4
3
9
27
20
30
3
27
16
35
13
0
16
10
4
9
20
1
12
17
23
15
21
8
22
32
7
0
15
23
2
33
3
26
0
23
19
4
13
36
16
4
36
9
28
17
18
26
18
30
6
18
22
28
26
21
0
11
21
15
34
1
26
1
27
26
24
9
7
15
8
23
33
21
32
24
15
13
13
33
20
34
29
19
2
32
3
2
6
25
32
4
3
21
19
30
10
20
2
32
12
25
18
8
23
28
10
2
4
0
12
2
34
18
21
13
14
25
16
20
27
11
1
30
9
34
0
33
18
16
28
7
4
10
30
5
1
3
21
19
3
10
21
15
29
20
5
20
8
21
3
12
9
19
19
32
16
19
29
11
35
20
19
17
7
12
36
22
29
20
19
9
7
17
1
36
0
7
19
22
5
0
34
29
19
30
24
12
12
16
24
25
14
20
5
35
9
4
35
15
1
17
24
8
34
3
8
35
10
4
20
15
4
32
21
0
25
9
13
15
2
14
3
30
11
8
29
34
26
27
12
27
21
13
35
18
16
20
30
26
2
28
19
20
23
3
21
25
26
11
3
6
2
20
36
27
5
5
24
31
9
13
35
30
26
11
12
6
31
5
9
10
10
28
31
33
9
29
36
12
17
16
18
19
0
18
23
5
0
10
0
10
23
35
3
26
9
29
32
18
12
5
28
22
10
36
33
19
28
32
32
8
11
27
4
11
8
4
17
9
14
31
33
14
6
36
4
30
29
13
25
4
32
30
3
6
30
36
2
35
31
11
21
6
2
2
31
24
7
25
33
35
19
29
13
3
6
31
33
12
21
35
16
17
28
33
23
35
33
2
34
27
14
32
10
16
34
19
3
4
7
14
17
4
20
7
7
26
1
17
1
36
29
31
16
20
28
16
19
24
19
30
28
33
25
16
12
36
35
29
18
5
6
35
9
27
5
30
30
20
24
9
19
16
17
36
14
8
29
33
9
11
3
15
21
5
31
10
4
29
3
22
34
9
20
21
13
25
28
21
8
16
30
28
9
10
4
23
33
33
33
19
22
36
34
6
4
28
17
23
34
34
8
9
20
6
7
34
31
35
18
17
28
25
22
1
35
26
24
8
36
21
28
35
20
25
19
2
31
13
25
5
10
10
14
30
16
21
4
11
20
36
5
11
24
27
12
0
30
14
8
29
35
36
5
32
2
24
11
33
0
13
1
24
24
30
17
3
14
36
28
11
35
10
0
23
0
26
0
30
3
8
0
15
22
5
11
24
6
36
34
20
13
12
7
14
5
1
31
20
0
0
8
36
10
8
36
11
35
36
18
1
21
18
17
6
0
5
30
20
18
4
3
31
17
24
22
22
26
17
19
26
17
28
2
27
36
15
15
11
28
34
13
13
29
7
33
7
26
27
4
7
8
22
16
25
9
1
11
12
18
7
16
12
12
18
17
26
11
32
0
2
6
27
29
13
34
26
34
23
30
1
8
1
0
24
27
10
25
15
22
21
22
1
10
35
34
27
24
8
0
24
24
20
15
17
10
26
6
21
27
36
0
35
0
0
36
4
10
1
19
10
36
19
25
10
17
36
14
18
21
28
19
9
26
11
26
36
15
9
21
5
22
21
17
22
21
16
4
9
17
23
33
17
5
35
4
36
35
18
31
19
24
28
5
13
2
31
26
17
17
10
36
2
8
16
